# FAST-LIVO2 calibration format
cam_model: Pinhole
cam_width: 1280
cam_height: 720
scale: 1.0
cam_fx: 522.124
cam_fy: 522.275
cam_cx: 773.466
cam_cy: 534.053
cam_d0: 0.0032495
cam_d1: -0.0171041
cam_d2: 0.000669657
cam_d3: -0.000350205

Rcl: [  0.001043,  -0.999897,  -0.014320,
        0.062026,   0.014357,  -0.997971,
        0.998074,   0.000153,   0.062034]
Pcl: [ -0.351645,  -0.531894,  -1.241403]
